4452131
17702693
15273238
14476393
4425363
15673707
7647742
2225730
11287688
14473919
18006910
19093815
12117902
773819
19874716
8545528
10726227
16839053
18643285
5192562
3824416
16979909
17713043
7074492
1576831
15147475
10338510
9909999
13546202
17170780
5823363
14160754
16454534
8564978
3176895
8473941
6778882
7197257
15959036
1042327
1517111
11490338
11690060
16531244
3052864
16297579
9942994
12546170
18822266
11324381
19235413
13125698
19183922
4166515
5651709
15918680
12453956
3563295
5345685
15364626
14904323
3736358
5931841
18731074
8516061
338776
10853919
9203498
10083073
16528035
8480374
11842527
4388672
13629536
15792808
13277098
6840452
16994156
15130898
4891814
16265701
17643850
6965320
5599633
5880922
2982750
7480839
16068189
18889607
18015507
7680556
19860747
1822101
3680284
12421989
541748
11245430
9486111
5669274
10475802
19506386
1715325
5324264
5369846
2252758
14137200
2657527
609041
3577601
13841761
17760212
2291027
14116550
10744441
12956585
19807905
210357
8745521
12491257
14293493
7410521
12068257
6132211
9821763
15261259
10483819
12811481
1337699
17158017
16492154
9662451
11743395
11650652
16926363
14088172
19845543
2891860
6948088
3743331
10049528
9023538
19312985
2230415
11248649
14108282
12472528
5474361
12037514
2946263
11509510
16609324
4123575
14401390
7479075
6883561
14395690
2537913
6061599
7731057
4787277
13256520
15551119
11370323
2511200
7624609
15458760
13364578
2194091
14076377
8174168
3309746
11755351
833526
12704708
7561205
2776254
11031150
15183710
1660528
11268441
5440419
8747431
4728721
2896021
8653308
15769217
6305873
18418213
14549111
16723966
12751328
3328259
10303140
18556261
12195267
14160147
15124453
16561350
13803809
15676543
9109314
16768719
8612143
15826755
2056863
17661647
7276721
10722430
143432
2060958
4708477
4991035
19472076
1938545
60288
4081600
15663134
2936250
18070340
8417083
10136807
13172924
12744300
14989541
17191630
12655208
3431120
2312499
5492859
12599530
19595907
1980865
7483866
7237202
5929370
9831355
6424024
5394545
18176387
5215149
16671721
18396277
5540756
8791374
13700584
12018788
169880
18616190
6440510
3016235
