15851316
11847886
14076377
16982085
19096788
19754858
16712392
10498447
9535272
3264672
19381583
10943584
13932116
11213418
11652338
15820407
1889886
2184964
3891582
5620281
16288499
14791342
12279470
4584298
13615388
19694583
12821350
16083105
14257236
2459793
12712748
9065086
15955703
2463104
6103063
705073
7194601
10147959
74152
8269431
15513822
6821108
5816044
13629010
10156199
5137294
1988008
3160985
17371142
3838056
3655326
3859662
5919387
16791268
19037237
10682646
8350015
14478880
14682341
3016634
616007
2378307
6885058
17993725
18934440
12264589
8257180
3024037
1378504
8955656
5339848
9716128
5507295
12277646
19682284
4066968
18838936
11635223
813058
2418419
15946217
14156997
4602872
5478240
12122815
17041901
15558562
15970586
9644772
14650467
71997
8612619
9239287
6245859
2868734
3011405
10245947
5006927
5365648
11774012
13973927
2608638
18675211
15562204
1196925
11404864
4638427
15744411
18139363
19360512
16527234
12454001
9264549
402368
5611101
1646769
14962184
10278920
19443371
19643942
16751946
18252419
11416559
13173191
386676
14655261
11818258
8967617
17543097
2599127
8096818
19555697
8637649
4812592
17228958
9668866
4963905
13357985
4196520
4127688
15873882
6798669
15689347
11704035
7342468
12076069
7902563
7077504
17143326
18778982
1592405
7120242
14012970
1822860
1671462
4006446
14297795
6175414
13847599
17558987
11480978
2231761
14542392
7599445
4748306
2894014
4054351
10537858
5576744
14198146
18026296
4273507
12992330
15579129
4053904
453764
19056107
8676809
6556469
16006761
19400426
6584206
8854475
9783107
16074010
15186625
14984521
11551573
13424676
8038234
10050930
5711661
18329479
12322091
6293377
15977788
11665890
6394985
11086135
6127943
9429889
12161374
17224224
2733684
551703
15544838
5152855
13484601
7979883
8354464
15568346
3897287
14729954
11286804
5679243
5395703
6177497
1955483
4076026
9799153
5779998
4953199
3944809
1609061
17947526
12046456
15590448
3468500
19047293
16929096
8640536
12412564
845954
419348
15048463
5904088
17996664
336595
19621501
3930166
12878759
1739305
10535574
7031599
16549047
917284
7490727
51927
4412351
16162183
