4182982
16002007
4142875
16051336
2982199
11416334
13013476
6854430
19626912
15396134
14800632
7266998
10916657
18143945
12066143
18251983
9181399
5172656
6988476
2358329
4295521
17650563
2335013
13864559
16270400
12743596
2155051
5720688
8118244
8422381
9726210
16798136
13306213
4958911
2791800
9964877
10265738
9700590
9875668
14139606
16774663
13901863
14530076
10485224
995131
19643098
18480060
16497224
11334977
2129412
7428409
4049398
14106925
17334454
4791805
16843726
19538088
2451395
1536745
7855429
17145061
297050
17533994
2283958
2385599
14093216
16617559
8924350
1604434
4988691
2517677
8915518
2188298
3341992
7445283
8873306
6393652
8846659
2257330
2386131
8132458
17545551
11809072
7621492
6868584
19291671
12467314
7712520
7390199
16924120
12189743
16665052
17280981
9871997
1565029
8173037
8703041
18415649
2943777
6599305
9082945
2581227
142374
12815561
3887052
8360576
11150531
12043330
17450420
12755118
87718
778943
18878675
2716928
17546819
18047455
15360850
17445699
8568950
11155152
8938241
1650170
11430107
18352520
15504871
9354623
1328421
7874892
17007399
3065588
18499891
1151794
8133827
12460542
15567213
14703106
3537169
14647647
19039167
14361015
16205841
11022661
7985675
5136908
9676772
12726775
16066400
1907832
14005700
4529081
12286472
17022365
12516828
6488180
14088297
16077888
13834743
10394274
316510
3899548
8620894
3219433
10963838
1489921
4169060
5944340
15210332
4009672
13695196
5205171
10339939
17732516
18770405
3786788
15723115
15386665
2383592
19100305
19621800
3870908
1924672
6836409
11641201
3491448
14205603
10624783
2699284
2084008
10006151
1771367
9096398
18781245
16045457
15667007
3580514
8581671
9802646
8869184
4746963
5747186
